### A load of sudoku problems


#Easy difficulty puzzle available form https://www.websudoku.com/?level=1&set_id=3126256010
sudo = np.array([[2, 0, 1, 5, 0, 6, 0, 0 ,0],
         [8, 0, 0, 2, 0, 0, 5, 0, 1], 
         [0, 0, 5, 8, 0, 0, 0, 7, 0],
         [7, 0, 0, 0, 8, 0, 0, 3, 9],     
         [0, 0, 9, 3, 6, 4, 7, 0, 0],
         [5, 8, 0, 0, 2, 0, 0, 0, 6],
         [0, 1, 0, 0, 0, 9, 3, 0 ,0],      
         [3, 0, 4, 0, 0, 2, 0, 0, 5],
         [0, 0, 0, 4, 0, 8, 1, 0, 7]])  

#Medium difficulty puzzle available from https://www.websudoku.com/?level=2&set_id=984649411
sudo = np.array([[1, 0, 0, 0, 0, 4, 0, 8 ,0],
         [7, 5, 0, 9, 2, 0, 0, 0, 0], 
         [0, 0, 0, 5, 0, 6, 0, 0, 3],
         [0, 0, 0, 0, 6, 0, 5, 7, 0],     
         [3, 7, 0, 0, 8, 0, 0, 6, 4],
         [0, 8, 6, 0, 9, 0, 0, 0, 0],
         [8, 0, 0, 1, 0, 9, 0, 0 ,0],      
         [0, 0, 0, 0, 4, 2, 0, 5, 9],
         [0, 4, 0, 6, 0, 0, 0, 0, 1]])  

